7b 0a 20 20 22 65 76 65
6e 74 22 3a 20 22 70 61
73 73 77 6f 72 64 5f 63
68 61 6e 67 65 22 2c 0a
20 20 22 75 73 65 72 6e
61 6d 65 22 3a 20 22 6a
6f 68 6e 64 6f 65 22 2c
0a 20 20 22 6f 6c 64 5f
70 61 73 73 77 6f 72 64
22 3a 20 22 32 30 32 30
35 64 33 34 37 37 63 33
37 62 61 36 30 36 35 65
35 66 64 39 31 35 31 39
64 64 61 65 22 2c 0a 20
20 22 6e 65 77 5f 70 61
73 73 77 6f 72 64 22 3a
20 22 38 65 34 64 37 32
34 66 33 65 31 36 33 38
37 39 62 35 38 37 39 62
66 37 66 31 30 32 65 61
63 63 22 2c 0a 20 20 22
74 69 6d 65 73 74 61 6d
70 22 3a 20 31 36 35 30
34 30 39 30 34 38 0a 7d
0a
